0.0	1.1496697270876126	0.6920646697700885	0.4921791314792827	0.40222171922741534	0.36884603055755427	0.2835815287577086	0.5811361810081674	0.43607095984888655	0.2703949263216501	0.1674458053209138	0.11446468050127567	0.21112237786878563	0.14916603592000932	0.08270927265099104	0.04700446485338894	-0.0	-0.0	-0.0	0.02893340040938419	0.007629773532432438	-0.0	-0.0	-0.0	0.05253541856478705	-0.0	-0.0	-0.0	0.01894119119299198	-0.0	-0.0	-0.0	0.026767380632259474	-0.0	-0.0	-0.0	-0.0	-0.0	0.04301561343011784	-0.0	-0.0	-0.0	-0.0	-0.0	-0.0	-0.0	0.005696186487581301	-0.0	0.02490378842537133	0.13030836913080002	0.07125480551033547	0.062299637132870345	0.045829123364582	-0.0	0.028562240468113842	-0.0	-0.0	-0.0	-0.0	-0.0	-0.0	0.05955016764684373	0.042849021968812906	0.010512096106118918	-0.0	-0.0	-0.0	-0.0	-0.0	-0.0	-0.0	-0.0	-0.0	0.030529130265572135	-0.0	-0.0	-0.0	-0.0	-0.0	0.02281244280883854	-0.0	-0.0	0.013998059215138525	-0.0	-0.0	-0.0	-0.0	-0.0	-0.0	-0.0	-0.0	-0.0	-0.0	0.0017404922229893316	-0.0	-0.0	0.028028543836985165	-0.0	0.1041859113031034	0.058125213621181615	0.0707734295687974	0.07016740186802828	0.12278599742164431	0.014950642467258746	0.016466063207850823	0.032265526551650936	0.030108165645383878	0.015688992590698447	0.02892208012184483	-0.0	0.024464781616904574	-0.0	0.015197893452370437	-0.0	-0.0	-0.0	-0.0	-0.0	0.009993383736537353	-0.0	-0.0	0.021121906910435584	-0.0	-0.0	0.020898385942455633	0.027279025142370017	0.004183998831910785	-0.0	-0.0	-0.0	-0.0	-0.0	0.022112437736298673	-0.0	-0.0	-0.0	0.0005120202395794138	-0.0	0.0013187216460242013	0.030261959745653044	-0.0	-0.0	-0.0	0.0053354124380398105	-0.0	0.01415571900226631	-0.0	0.034938375021168255	0.06857182425696706	0.025546607745505767	0.017287166069641202	0.053885716218951885	-0.0	-0.0	0.03132780887316855	-0.0	-0.0	-0.0	-0.0	-0.0	0.007864421423491308	-0.0	0.0171804677243248	-0.0	0.0037921387842079213	-0.0	-0.0	-0.0	-0.0	-0.0	-0.0	-0.0	-0.0	0.014983516238970651	0.0002702024531178182	-0.0	-0.0	-0.0	-0.0	-0.0	-0.0	-0.0	-0.0	-0.0	-0.0	-0.0	-0.0	-0.0	-0.0	0.014081405654406964	-0.0	-0.0	-0.0	0.0056146408054083	0.029099543110309156	-0.0	0.3640143917993415	0.28859796704775675	0.18943149890822752	0.20061600425185766	0.18523474356839564	0.11530386121855152	0.07938594640687491	0.16292005288530742	0.10011335805849253	0.07721139553135536	0.06599297532288873	0.02514132204195718	0.052953947486944486	0.08642835968169305	0.02027824227621622	0.011461663324704219	-0.0	-0.0	0.029922510237749833	-0.0	-0.0	-0.0	-0.0	-0.0	-0.0	0.004797279457369186	0.030860472750001477	-0.0	-0.0	-0.0	-0.0	-0.0	-0.0	-0.0	0.011874020929070639	-0.0	-0.0	-0.0	0.062001157039611954	0.0041927392733143165	-0.0	-0.0	-0.0	-0.0	-0.0	-0.0	-0.0	0.013376157002253919	-0.0	0.06829048604112131	-0.0	0.06981253086920525	0.012003263348196569	-0.0	0.0005110457172037286	-0.0	0.004622855978414719	-0.0	-0.0	-0.0	-0.0	-0.0	-0.0	-0.0	-0.0	-0.0	0.03204359407973101	-0.0	-0.0	-0.0	0.01659783808889692	-0.0	-0.0	-0.0	-0.0	-0.0	0.020827444918921856	-0.0	-0.0	0.030787002485933357	-0.0	-0.0	-0.0	-0.0	-0.0	-0.0	-0.0	-0.0	-0.0	-0.0	-0.0	-0.0	-0.0	-0.0	-0.0	-0.0	-0.0	-0.0
1.1496697270876126	0.0	1.1802839409771693	0.7567971401576576	0.5776743077400264	0.46549267599885	0.38020355220226154	0.4079777294065483	0.4976107687671423	0.3759822275402467	0.2538528318092661	0.1649441913667129	0.14863936142648893	0.15125252797302924	0.08417500839573222	0.049517003244375246	0.05300284130539268	0.0477362149697349	0.05548613211953324	0.012216488497724498	0.03657516505429115	-0.0	-0.0	-0.0	-0.0	-0.0	-0.0	-0.0	-0.0	-0.0	-0.0	-0.0	-0.0	-0.0	-0.0	-0.0	0.006041351906954873	0.004516081286775275	-0.0	-0.0	-0.0	-0.0	-0.0	0.03708176838508592	-0.0	-0.0	0.03750200444235574	-0.0	0.019606302216303106	0.02867292360904017	0.12753711577036597	0.07812626179782178	0.05071953537995988	0.036207111540244696	-0.0	0.002447313685536301	0.005547726294588884	0.009892974780697728	0.011191725123723018	-0.0	-0.0	-0.0	-0.0	-0.0	-0.0	-0.0	-0.0	-0.0	-0.0	-0.0	-0.0	-0.0	-0.0	-0.0	-0.0	-0.0	-0.0	-0.0	-0.0	-0.0	-0.0	-0.0	-0.0	0.010263714942274405	-0.0	-0.0	-0.0	0.003475449258390384	-0.0	-0.0	-0.0	-0.0	-0.0	-0.0	-0.0	0.005101020810588608	-0.0	-0.0	0.1529094587213864	0.16304626248904874	0.12360806750217712	0.10075746927619189	0.06319966879864936	0.08992918206251321	0.0333692477602181	0.049915953683452585	0.09199490192922877	0.036483165629212166	0.07072540264863036	0.007302126640485795	0.04304263981407175	0.02415940079750456	0.0008609892895208304	-0.0	0.012293904232793196	0.013322996744555837	0.032842470491953435	-0.0	0.014494139790384608	-0.0	-0.0	-0.0	-0.0	-0.0	0.02507201618678323	-0.0	-0.0	-0.0	0.017889784637457495	-0.0	-0.0	-0.0	-0.0	0.00017768842853804756	0.009990575079696029	0.030848616583188715	-0.0	-0.0	-0.0	0.012497564614768919	-0.0	-0.0	0.02312417298812619	-0.0	0.006125103689106126	-0.0	0.00231889054891532	0.04899695312368024	0.08526884952028446	0.002225807590342299	0.05482510522327466	0.009610953476117956	0.0007251407604993432	0.048445874860391314	0.00024243595369632942	0.023039898041419704	0.01910955843154305	-0.0	-0.0	-0.0	0.03438191960223236	-0.0	-0.0	-0.0	-0.0	-0.0	-0.0	-0.0	-0.0	-0.0	-0.0	-0.0	-0.0	-0.0	-0.0	0.004086573002016536	-0.0	-0.0	-0.0	-0.0	0.0005982564080024844	-0.0	-0.0	-0.0	-0.0	-0.0	-0.0	-0.0	-0.0	0.028250301578694348	-0.0	-0.0	0.002703443539674666	-0.0	-0.0	-0.0	0.275189596904176	0.3950245379416355	0.2784310926019682	0.22797257177627372	0.16708578053604572	0.13246379219566506	0.09011826643618903	0.18564273593565694	0.15954346234100658	0.1463957559382001	0.078713479478556	0.14191317712323226	0.08855129497580005	0.10084370434039425	-0.0	0.016547442463460627	-0.0	-0.0	-0.0	-0.0	0.03145030627376144	-0.0	-0.0	-0.0	-0.0	-0.0	-0.0	-0.0	-0.0	-0.0	-0.0	-0.0	-0.0	-0.0	0.0080027005640666	0.009099159355240971	-0.0	-0.0	-0.0	-0.0	-0.0	-0.0	-0.0	-0.0	-0.0	-0.0	0.03574572096369799	0.002442677173583263	-0.0	0.016346572294201778	-0.0	0.06796181887807329	0.02859283517699751	0.015585059183479189	-0.0	-0.0	0.0025817177325908602	0.0293384684627096	-0.0	-0.0	-0.0	0.02544246727458699	0.014900142459159937	-0.0	-0.0	-0.0	-0.0	-0.0	-0.0	-0.0	-0.0	-0.0	0.020708092927717914	0.017298886226898347	-0.0	-0.0	0.00032798480716778045	-0.0	-0.0	-0.0	0.0007830983950007919	-0.0	-0.0	-0.0	-0.0	-0.0	0.022151620364120106	-0.0	-0.0	-0.0	-0.0	-0.0	0.004420011145146674	-0.0	-0.0	-0.0	-0.0	-0.0
0.6920646697700885	1.1802839409771693	0.0	1.2293536173431292	0.8017238077072975	0.605218873968906	0.4324077457293116	0.33349552111868697	0.410365760916938	0.4613306334977212	0.3210419430491225	0.22348673517667716	0.19265107526205583	0.16640648376176426	0.06919948295777711	0.041468984955800536	0.10293222908657196	0.02604465033711989	0.012838631587094085	0.009876007332266568	0.04788712535600581	-0.0	0.004884879098348449	-0.0	0.004830185126891706	-0.0	-0.0	-0.0	-0.0	-0.0	-0.0	-0.0	0.009186328706574542	0.020695221902149896	-0.0	0.009305081608811605	0.018832037606372865	0.005418930659255139	-0.0	0.030324006186326358	-0.0	0.0006179762509592734	-0.0	0.01775917267942262	-0.0	-0.0	-0.0	0.029557844037631398	-0.0	0.006849174381505563	0.0223580179417322	0.15169950662151077	0.10239639651045973	0.02055732339170291	0.017828575270421254	0.042888119530958946	-0.0	-0.0	-0.0	-0.0	-0.0	-0.0	0.013381809026657976	-0.0	-0.0	-0.0	-0.0	-0.0	-0.0	-0.0	-0.0	-0.0	-0.0	-0.0	-0.0	-0.0	-0.0	-0.0	-0.0	-0.0	-0.0	-0.0	0.025929492341374427	-0.0	-0.0	-0.0	-0.0	-0.0	-0.0	0.009426045586984344	-0.0	0.00863752842469978	0.01555516103227994	-0.0	0.008318452367028328	0.005481113534024473	-0.0	-0.0	0.08101466028480253	0.14391289539027508	0.16537683076191456	0.11781443930457325	0.07810004320458841	0.06650599734386198	0.0803022719053752	0.04797939367523796	0.0779808831941935	0.024736378708670514	0.06026291699450148	0.07401895992436902	-0.0	0.05149651055257465	0.0005785888885352364	0.0011359683189358094	0.007485768512527358	0.033523282765507645	-0.0	0.0076205178177364274	0.012280009236180334	-0.0	-0.0	-0.0	0.010792508733588946	-0.0	0.008078655829077519	-0.0	0.041453444319323296	0.015704464239245652	-0.0	0.015801277060052854	0.03759699677827477	0.015702642245805976	-0.0	-0.0	-0.0	-0.0	0.0005989097060901116	-0.0	-0.0	0.011025642356161214	0.0033507336311728864	-0.0	-0.0	-0.0	0.0461903165152755	0.0025428597674750364	-0.0	0.0455213550047322	0.0431241076677189	0.05455288004338499	0.05981970287978555	0.006768542270146227	0.0403820614234931	0.014830725041687032	-0.0	0.017898042245921175	-0.0	0.0009065956794884755	0.02605719497629977	-0.0	-0.0	0.003594303629336437	-0.0	-0.0	-0.0	0.01986413183423963	-0.0	0.009272422268187697	-0.0	-0.0	-0.0	-0.0	-0.0	-0.0	-0.0	-0.0	-0.0	-0.0	0.01987704218415942	-0.0	-0.0	-0.0	-0.0	0.04655214058434254	-0.0	0.033185438383220855	-0.0	-0.0	0.012328824054748111	-0.0	-0.0	-0.0	-0.0	-0.0	-0.0	-0.0	0.23689381897256911	0.2986220974729079	0.3722575343414851	0.30997111630745433	0.24072591373845498	0.21177990619974985	0.12621905601134742	0.18118113917212852	0.14641727589759412	0.10998895274263454	0.10805466530778673	0.10412255794068681	0.09026208786365508	0.04715363188602417	0.014920591396803573	0.022389157917041658	-0.0	0.008695309507537274	0.02370793801691029	0.054607814963501866	0.010776593958564007	-0.0	-0.0	-0.0	0.03103658262719655	-0.0	-0.0	-0.0	-0.0	-0.0	-0.0	-0.0	-0.0	0.04531345399521136	-0.0	-0.0	-0.0	-0.0	0.0073084333546376	-0.0	-0.0	-0.0	-0.0	-0.0	-0.0	-0.0	0.00043729550269944184	0.015190583968008653	-0.0	0.07258746186054577	0.0016013031447226211	0.012137126418794608	-0.0	0.012593487239806578	0.011838929416704502	0.01388916785194283	-0.0	0.0012521151461921676	-0.0	0.02716159365038706	-0.0	-0.0	0.030549645818817694	-0.0	-0.0	-0.0	-0.0	-0.0	-0.0	-0.0	-0.0	-0.0	0.025918321555554513	0.017006225439477163	0.03903186088828825	-0.0	-0.0	-0.0	0.0008386109937887909	-0.0	-0.0	-0.0	-0.0	-0.0	-0.0	-0.0	-0.0	-0.0	-0.0	-0.0	-0.0	-0.0	-0.0	-0.0	-0.0	-0.0	-0.0	-0.0
0.4921791314792827	0.7567971401576576	1.2293536173431292	0.0	1.2345607957482878	0.7842308011606969	0.4908460274653281	0.19806114553508358	0.2980097497334153	0.3840362303646421	0.41458591118414034	0.4151672868253442	0.27059698837990176	0.1939755638694134	0.024735200885318775	0.05160621777958596	0.04032463192359792	0.03704135892355431	0.025859032036876783	0.0818942363481856	0.003588665468946317	-0.0	-0.0	-0.0	-0.0	-0.0	-0.0	-0.0	-0.0	-0.0	-0.0	0.013144892304289613	-0.0	-0.0	0.00039855517988662825	0.009039880079226847	-0.0	-0.0	-0.0	0.021096250108467274	-0.0	-0.0	0.0011981605161519582	-0.0	-0.0	-0.0	-0.0	-0.0	-0.0	-0.0	0.05829676250585969	0.08425931583830426	0.07425231275090827	0.04109057897650281	0.03982150000852869	0.052852199254861176	0.005300517560689499	-0.0	0.029532523226846408	-0.0	0.02803485641563519	0.021825109520699826	0.004176648737411526	-0.0	-0.0	-0.0	-0.0	-0.0	-0.0	-0.0	-0.0	-0.0	-0.0	-0.0	-0.0	-0.0	-0.0	-0.0	-0.0	-0.0	0.007221403159643813	-0.0	-0.0	-0.0	-0.0	-0.0	-0.0	-0.0	-0.0	0.02080820051412502	-0.0	-0.0	-0.0	-0.0	-0.0	-0.0	-0.0	0.007201365577873986	0.05140573550837502	0.06002313110846558	0.181362351219704	0.18171743576794075	0.17750054006796656	0.10469815034071583	0.04909007512441654	0.02018773845752797	0.06607291707279117	0.05627911953915188	0.08635560361191086	0.05802270342398508	0.05416716553954082	0.025005861747034785	-0.0	0.048227526579507796	0.016367999594503857	0.027054618562921462	-0.0	-0.0	0.02142683692754055	-0.0	0.010386892086723165	-0.0	-0.0	0.029250051153422163	0.019195565881600984	0.023570210301317118	-0.0	0.024575053852183615	0.027811952387951422	0.0026318680356141044	0.031442566640247804	0.04612718898470902	-0.0	-0.0	0.024755667269467097	-0.0	-0.0	-0.0	0.028350110644092652	3.854157359839405e-5	-0.0	-0.0	0.02586729866708204	0.00891150462575574	0.00040752801682231166	0.0003461652774987556	-0.0	-0.0	0.017506220713729093	0.09811220699374967	0.020155268387220815	0.05896369648157318	0.0740866301647305	0.01345130978700837	0.005920246718389421	-0.0	0.02077622255633571	0.016519495880384483	0.016455597716058534	-0.0	-0.0	-0.0	-0.0	-0.0	-0.0	0.005561098789399921	0.007510009563164388	-0.0	-0.0	0.014443025843426938	-0.0	-0.0	-0.0	0.016184165569773867	-0.0	0.005198500112364002	-0.0	-0.0	-0.0	-0.0	-0.0	-0.0	-0.0	-0.0	-0.0	0.016994045077639797	0.001592280004686586	-0.0	-0.0	-0.0	0.015607362961359783	0.022660840402060956	-0.0	-0.0	-0.0	-0.0	0.21250299508136283	0.24197827340924238	0.3425928657715085	0.4160000387218199	0.3548915152053196	0.26464196705127563	0.1911911385245757	0.1446471793740507	0.1514331524640653	0.1300320197574507	0.19791869566840337	0.1816098319498396	0.10546142709589823	0.03963128747884781	0.02456422231193045	0.043737522937478346	-0.0	0.03141338315976938	0.05746123613579712	0.031191468487152818	-0.0	-0.0	-0.0	-0.0	-0.0	-0.0	0.02436341141806686	-0.0	-0.0	-0.0	-0.0	-0.0	0.021321509891340185	-0.0	-0.0	-0.0	-0.0	-0.0	-0.0	-0.0	0.031112288849042713	-0.0	-0.0	-0.0	-0.0	0.015093148535809675	-0.0	-0.0	-0.0	0.02185905224548179	0.01738911732964432	0.012198250715776737	0.022844229510580405	0.08235337375473684	0.006955989671748597	0.01780421228761675	-0.0	-0.0	-0.0	-0.0	-0.0	-0.0	0.022363376666517	-0.0	-0.0	-0.0	-0.0	-0.0	0.016142688225679436	-0.0	-0.0	0.0006182200109599023	-0.0	0.054078474822578215	-0.0	-0.0	-0.0	-0.0	0.03095697056947877	-0.0	-0.0	-0.0	-0.0	-0.0	-0.0	-0.0	-0.0	-0.0	0.003255523426574314	0.022491845583761716	-0.0	0.018378545187811568	-0.0	-0.0	-0.0	-0.0	0.004643170739898395	-0.0
0.40222171922741534	0.5776743077400264	0.8017238077072975	1.2345607957482878	0.0	1.1919718981914862	0.7067473106330286	0.15573103876974592	0.19581974435079985	0.2689780480458559	0.3343106485406002	0.4127676622227048	0.3974864885572833	0.30979326012685426	-0.0	-0.0	0.007850659511657199	0.02506897741122316	0.06492114714913555	0.004809661058331471	0.05154696978708273	-0.0	-0.0	-0.0	-0.0	-0.0	0.040308763711248474	-0.0	0.0018484934740765624	-0.0	-0.0	-0.0	-0.0	-0.0	-0.0	-0.0	-0.0	-0.0	0.04712811258512062	0.014142844247237107	-0.0	-0.0	-0.0	-0.0	0.01891827769379617	-0.0	-0.0	-0.0	-0.0	0.0056463578342889065	0.03388557269209436	0.08575836633861655	0.03678560312757995	0.0611696091705376	-0.0	-0.0	-0.0	-0.0	-0.0	0.000875139973544492	0.020153176866713807	0.003867770133295423	0.0068543322760490355	-0.0	-0.0	-0.0	-0.0	-0.0	-0.0	-0.0	0.022043743280137917	-0.0	-0.0	-0.0	-0.0	0.023489131431208676	-0.0	-0.0	0.020116824911916353	-0.0	-0.0	-0.0	-0.0	-0.0	-0.0	-0.0	-0.0	-0.0	-0.0	-0.0	-0.0	-0.0	0.009304542040009522	-0.0	-0.0	-0.0	-0.0	-0.0	0.013272648514082164	0.09381090421635196	0.10777364833007574	0.13385193339190682	0.20272589885872883	0.11734650530887425	0.046369430001362844	0.052496992919664365	0.008922659752752082	0.03527529828413378	0.05050411795274634	0.05268543654851143	0.04493118499792814	0.04303976552120581	-0.0	-0.0	-0.0	0.007896047954572438	-0.0	-0.0	0.0034027658035533648	-0.0	-0.0	-0.0	0.0126326053579362	0.004038604098630216	-0.0	-0.0	0.008381446332354159	-0.0	0.020638277885064227	0.03742435530638666	0.05305630316112442	-0.0	-0.0	-0.0	-0.0	0.003595825147773013	-0.0	-0.0	-0.0	-0.0	-0.0	-0.0	-0.0	-0.0	-0.0	-0.0	-0.0	0.012976382761916483	0.037562362111792424	0.04575920608769124	0.06704476666301673	0.029061069496858494	0.018695939086686764	0.02465278773096813	0.016599753751973978	0.004746131265264353	-0.0	-0.0	0.001429891272255901	-0.0	-0.0	-0.0	-0.0	0.016743046099493952	-0.0	-0.0	0.016418962332094722	0.027691837528763585	-0.0	-0.0	-0.0	0.005871570293821904	-0.0	-0.0	-0.0	0.022216379673022146	0.01585634516570167	-0.0	-0.0	-0.0	-0.0	-0.0	-0.0	-0.0	-0.0	-0.0	-0.0	0.03766119651286637	0.013072488886640699	-0.0	-0.0	-0.0	0.016551736914539816	-0.0	0.010387710075802303	-0.0	0.14368867349258796	0.18877967067340684	0.27619929684388644	0.32483412057706307	0.4406810523487099	0.3416289421414138	0.22806162882613012	0.0970105974778317	0.15430907432541474	0.09092958993077183	0.13809981511708624	0.11175004383271414	0.16969442474396246	0.1017129993960495	-0.0	-0.0	0.009663366626154968	0.0056004015187003375	-0.0	-0.0	-0.0	-0.0	-0.0	-0.0	-0.0	-0.0	-0.0	-0.0	-0.0	-0.0	-0.0	-0.0	-0.0	-0.0	-0.0	-0.0	-0.0	-0.0	0.0011260453807011572	-0.0	0.0004365779804338388	-0.0	-0.0	-0.0	-0.0	-0.0	-0.0	0.0037195449283036197	0.02977514709683149	0.0020548663455119964	0.026035497655493955	-0.0	0.05174479089160755	0.06139263809925133	0.005027395119318712	0.01811349764705561	-0.0	-0.0	-0.0	-0.0	0.005252348200468049	-0.0	0.007155380029175262	-0.0	-0.0	-0.0	0.018203948259820635	-0.0	-0.0	-0.0	-0.0	-0.0	-0.0	-0.0	-0.0	-0.0	-0.0	-0.0	-0.0	-0.0	0.02246949263172837	-0.0	-0.0	-0.0	-0.0	-0.0	-0.0	-0.0	-0.0	-0.0	-0.0	-0.0	-0.0	-0.0	-0.0	-0.0	0.012670052273023202	-0.0
0.36884603055755427	0.46549267599885	0.605218873968906	0.7842308011606969	1.1919718981914862	0.0	1.1072821793520227	0.15083484326283525	0.1792778567158715	0.21591191957672784	0.27939129865528844	0.3346785125342011	0.4433100979092206	0.3831365308665742	0.011018079246092327	-0.0	-0.0	-0.0	0.0027337986058100228	0.054608647072868166	0.07485387376272179	0.0009512483761788815	-0.0	-0.0	0.005715539705976269	-0.0	-0.0	0.044920987055677486	-0.0	-0.0	-0.0	0.0346700157828721	-0.0	-0.0	-0.0	-0.0	-0.0	-0.0	0.024842202281009307	-0.0	-0.0	-0.0	-0.0	-0.0	0.006340542428869611	0.014170156817172597	-0.0	-0.0	-0.0	-0.0	-0.0	0.05246249582200946	0.059764898504019115	0.060289659852092115	0.07728458065858401	0.026082916023167257	-0.0	0.003090830325360727	-0.0	-0.0	0.005676499930528323	-0.0	-0.0	-0.0	-0.0	-0.0	-0.0	-0.0	-0.0	-0.0	-0.0	-0.0	-0.0	-0.0	-0.0	-0.0	-0.0	-0.0	-0.0	-0.0	-0.0	0.000945806660723747	-0.0	-0.0	-0.0	-0.0	-0.0	-0.0	-0.0	-0.0	-0.0	0.005344548753399181	-0.0	-0.0	-0.0	-0.0	0.008574567975912828	-0.0	0.053484007398735045	0.08297995317992779	0.05656069942191877	0.10891855679879558	0.1556389438959087	0.16514294634482063	0.09571585270633598	0.031428289982768476	0.04620984810882156	1.981737285738916e-5	0.037941513899031776	0.05859200978048129	0.030583491574263988	-0.0	-0.0	-0.0	-0.0	0.015072077705555742	0.00855295706495518	0.0019245338028959225	0.012775996397191847	0.011317269512170824	0.02064230077727025	0.03684126602048288	-0.0	-0.0	0.006150897709218839	0.016421809282409328	0.002773231224626471	-0.0	0.035047970879656276	0.010865938145396825	0.0042131426382603365	-0.0	0.02886385519453505	-0.0	0.05908360495539	-0.0	-0.0	-0.0	-0.0	-0.0	-0.0	-0.0	-0.0	-0.0	-0.0	-0.0	-0.0	-0.0	-0.0	0.001002170894754073	-0.0	0.043273150548222006	0.04167303754004159	0.025528902212796467	0.02529032177167778	-0.0	0.06741552452257338	0.010772946904022973	0.027247501415185837	0.009617786236345793	-0.0	-0.0	-0.0	0.020783098925910792	0.035652321111736995	-0.0	0.02378320454625893	0.012994465115946596	-0.0	-0.0	-0.0	-0.0	-0.0	-0.0	-0.0	0.0003876055640734677	-0.0	-0.0	-0.0	-0.0	0.01579245331252288	-0.0	0.005197611404708979	0.019844103291331905	-0.0	-0.0	0.021569187053803063	-0.0	-0.0	-0.0	-0.0	-0.0	-0.0	-0.0	0.013715417608581859	-0.0	0.13026240480228157	0.14161121146886568	0.19165571935639214	0.2506359483297089	0.3528642840762606	0.40505024416509006	0.3337540604920557	0.0334070928974306	0.12555756477925417	0.05581823566021171	0.09214584204715148	0.11598238477581102	0.1484359112680158	0.12081209625062606	0.04317694362745783	0.019931617990978978	-0.0	0.00697576747802664	0.024518705490319093	-0.0	-0.0	-0.0	-0.0	-0.0	-0.0	-0.0	-0.0	-0.0	-0.0	-0.0	0.0003115632941064206	-0.0	-0.0	-0.0	-0.0	-0.0	-0.0	-0.0	-0.0	-0.0	0.007492139619630578	-0.0	-0.0	-0.0	-0.0	-0.0	-0.0	0.01394206440867407	0.0014054321444874063	0.014494290961017953	-0.0	0.0065125752062105136	0.019196274825075577	0.03043434878747142	0.004913202574549302	0.021081120368210193	-0.0	-0.0	0.013097745840077835	0.0335926771797439	-0.0	-0.0	-0.0	0.008466636544985917	0.008362505917435925	-0.0	-0.0	-0.0	-0.0	-0.0	-0.0	-0.0	-0.0	-0.0	0.008017802202127555	-0.0	-0.0	-0.0	-0.0	-0.0	-0.0	-0.0	-0.0	-0.0	-0.0	-0.0	-0.0	0.005672373377628048	-0.0	-0.0	-0.0	-0.0	-0.0	-0.0	-0.0	-0.0	-0.0	-0.0
0.2835815287577086	0.38020355220226154	0.4324077457293116	0.4908460274653281	0.7067473106330286	1.1072821793520227	0.0	0.1219909291171728	0.15244396150318096	0.1367627897273893	0.16604784770431547	0.2798194693501914	0.4000522233293555	0.5856613222069127	0.022345750220406302	-0.0	-0.0	-0.0	0.0841624772928089	0.0765413150900125	0.15056379427527933	-0.0	-0.0	-0.0	-0.0	-0.0	-0.0	0.009400986970527825	-0.0	-0.0	0.02493168613762542	-0.0	0.014441612460984743	-0.0	0.006661046978569729	-0.0	-0.0	-0.0	-0.0	-0.0	-0.0	0.00257118510988974	0.007037858461810487	-0.0	-0.0	0.02857858560432902	-0.0	-0.0	0.023635062766366843	0.010057796306190525	0.029580912453917918	-0.0	0.01223140945158363	0.051124469402601846	0.095477447517343	0.05539521302066852	0.0036512407560174154	-0.0	0.005237979369049128	-0.0	0.000901151392911359	0.016268826521278257	-0.0	-0.0	-0.0	-0.0	-0.0	0.031860897425747936	-0.0	-0.0	-0.0	-0.0	-0.0	-0.0	-0.0	-0.0	-0.0	-0.0	-0.0	-0.0	0.002866259128250448	-0.0	-0.0	-0.0	-0.0	-0.0	-0.0	-0.0	-0.0	-0.0	-0.0	-0.0	-0.0	-0.0	-0.0	-0.0	0.009573985537395302	-0.0	0.021893146412095277	0.07586634882937116	0.052083034018874486	0.07837027856450085	0.04168388031764181	0.11862574443218854	0.15116304516611923	0.008405254576945964	0.013999094822116476	-0.0	0.01772446395995786	0.06319255330795492	0.0722303045443784	0.049944335322464894	-0.0	-0.0	0.014908125314271103	-0.0	0.0010458778579351957	0.05612716641675952	0.026623111709950464	0.020489985162384983	0.01582846983076891	-0.0	-0.0	-0.0	-0.0	-0.0	-0.0	-0.0	0.031999018356517084	-0.0	-0.0	-0.0	0.0012229293897583204	-0.0	-0.0	0.002417037362793195	-0.0	-0.0	-0.0	-0.0	-0.0	-0.0	0.003297141941896342	-0.0	-0.0	0.047384958785533726	-0.0	0.01580005475581281	0.03452159956081857	-0.0	0.005627910746001774	0.04594696332711656	0.08682935752195142	0.07300029155212506	0.036218245696609586	-0.0	-0.0	0.030766073198519095	0.0038219173377758153	0.028240539853813473	-0.0	-0.0	-0.0	-0.0	-0.0	-0.0	-0.0	-0.0	-0.0	-0.0	-0.0	-0.0	-0.0	-0.0	-0.0	-0.0	0.007053785671731205	-0.0	-0.0	-0.0	-0.0	0.0013705622465494116	0.013863506899397748	-0.0	-0.0	-0.0	-0.0	-0.0	-0.0	-0.0	-0.0	-0.0	-0.0	-0.0	0.014688388955544696	-0.0	0.0686502186336515	0.10049207033403196	0.17260871743885797	0.22179117703080742	0.22175501583441015	0.30042581923226663	0.35221103065966197	0.05950902034624228	0.055553404469966594	0.05488028476336382	0.041508596072938886	0.12412413486662555	0.15243656156151264	0.13891672961902302	-0.0	-0.0	0.017398375763450602	0.041648293274784365	-0.0	-0.0	-0.0	0.009895973914076706	-0.0	-0.0	-0.0	-0.0	-0.0	-0.0	-0.0	-0.0	-0.0	-0.0	-0.0	-0.0	-0.0	-0.0	-0.0	-0.0	-0.0	-0.0	-0.0	0.01751917539185399	-0.0	-0.0	-0.0	-0.0	-0.0	-0.0	0.009840408737478157	0.02222944469152921	0.01254548356188323	-0.0	-0.0	0.0418460354004111	0.02389610432702227	0.03654213539467932	-0.0	-0.0	0.001997625946414061	-0.0	-0.0	-0.0	0.014400006553454858	-0.0	-0.0	0.005709690217896579	0.0005801974091887985	-0.0	0.024523306720986682	-0.0	-0.0	-0.0	-0.0	-0.0	-0.0	-0.0	-0.0	-0.0	-0.0	-0.0	-0.0	-0.0	-0.0	-0.0	-0.0	-0.0	-0.0	-0.0	-0.0	-0.0	-0.0	-0.0	0.0047869424245199355	-0.0	0.01903228852149219	-0.0	-0.0	-0.0
0.5811361810081674	0.4079777294065483	0.33349552111868697	0.19806114553508358	0.15573103876974592	0.15083484326283525	0.1219909291171728	0.0	0.8869484867916988	0.45744554825217865	0.2510991593870262	0.14141697619239046	0.15863321726145507	0.1844029408811183	0.3969238252272733	0.2611181402082243	0.14418662258659332	0.11441802640837029	0.05458052986686113	0.04922665301315554	0.0474829565346937	0.043612032332488226	0.008452218735600425	-0.0	-0.0	-0.0	-0.0	-0.0	0.02202322364112419	-0.0	-0.0	-0.0	-0.0	-0.0	-0.0	-0.0	-0.0	0.020653581895306417	-0.0	-0.0	-0.0	-0.0	-0.0	-0.0	-0.0	-0.0	0.042666160970540545	-0.0	-0.0	0.08781143669496494	0.045575348879642874	0.02990733889513031	0.02207346471260685	0.01185909616352987	0.03290079327448403	0.018347500907859526	0.07678609577167261	0.03159678144930744	0.008340659322115584	0.025835995465012473	0.008271985525475145	-0.0	0.026414653118036924	0.006155852997164146	-0.0	0.005898401550007648	-0.0	-0.0	-0.0	-0.0	-0.0	0.03156117575866446	-0.0	-0.0	0.004216092922401771	-0.0	-0.0	-0.0	-0.0	-0.0	-0.0	-0.0	-0.0	-0.0	-0.0	-0.0	-0.0	-0.0	-0.0	0.0006677316064376271	0.010083210593117897	-0.0	-0.0	-0.0	-0.0	-0.0	0.009672985335795303	-0.0	0.028744576615315154	0.0269026820706042	-0.0	0.005679028450893853	0.02291742023158072	-0.0	0.008307333959253427	0.07887976973344735	0.0480876636198051	0.07585530203078505	0.05560372221665233	0.07251377714680718	-0.0	0.03582613752575092	0.05039491868137347	-0.0	0.025723112715763108	0.0056933876180984555	0.028901493119054322	-0.0	-0.0	0.0046443792918751114	0.029582441084864186	-0.0	0.019938868712008784	-0.0	-0.0	-0.0	0.007382781416625406	-0.0	-0.0	-0.0	-0.0	0.00042188887204730463	-0.0	0.0064390592217424825	-0.0	0.009947045449791858	-0.0	-0.0	-0.0	-0.0	0.024454385314351512	-0.0	0.010487608457916409	-0.0	0.056096610237736044	0.003553668620929429	-0.0	0.03698872708430301	0.02056135491076283	0.015159229727411017	-0.0	0.00208589179098162	-0.0	-0.0	0.10203699276390754	0.030079254621989904	-0.0	0.04636390594719764	0.016349506171017936	-0.0	-0.0	0.030001615588515662	-0.0	-0.0	0.00955761488101281	-0.0	-0.0	-0.0	0.02364022648011499	-0.0	-0.0	-0.0	-0.0	-0.0	-0.0	0.009724368354703472	-0.0	-0.0	-0.0	-0.0	-0.0	0.026222414653592097	-0.0	-0.0	-0.0	0.01668362050070371	-0.0	-0.0	-0.0	-0.0	-0.0	-0.0	0.010177892683417511	-0.0	-0.0	-0.0	0.15372010615179832	0.06654733688320391	0.022175693414194342	0.011131928192179785	0.01299465650264331	0.045538432666372586	-0.0	0.2045009103211628	0.11984226276536081	0.13414315657165066	0.0674577820404032	0.06521691176374489	0.009681943647798619	0.011548714909489277	0.07551505435387984	0.03581472799808871	0.016681645524531774	0.01744405838414309	-0.0	0.031602407774640184	0.03217538944389631	0.006613849313268361	-0.0	-0.0	0.005724906939196472	-0.0	-0.0	-0.0	-0.0	-0.0	-0.0	-0.0	-0.0	-0.0	-0.0	-0.0	-0.0	-0.0	-0.0	-0.0	-0.0	-0.0	-0.0	-0.0	-0.0	-0.0	-0.0	-0.0	-0.0	0.03770970833189935	0.06307117840297849	0.00114202196629698	0.02300949870978819	-0.0	-0.0	0.007925968273237771	0.006566811930976968	0.008524751915178541	0.04003810840784716	-0.0	-0.0	-0.0	-0.0	9.438082923374225e-5	0.02319760124919945	-0.0	0.008186833755189582	0.028722104328050335	-0.0	-0.0	-0.0	-0.0	-0.0	-0.0	0.02238091697694955	-0.0	-0.0	0.0026581510129375374	-0.0	-0.0	-0.0	-0.0	-0.0	-0.0	-0.0	-0.0	-0.0	-0.0	-0.0	-0.0	-0.0	-0.0	-0.0	-0.0	-0.0	-0.0	-0.0	-0.0
0.43607095984888655	0.4976107687671423	0.410365760916938	0.2980097497334153	0.19581974435079985	0.1792778567158715	0.15244396150318096	0.8869484867916988	0.0	0.8174372621851802	0.3895530881738276	0.28618314520795085	0.2019811607264197	0.1810251333595021	0.22398597217833238	0.30472649745799263	0.1929608430145242	0.07321993050191544	0.06403142139703633	0.044700951392698585	0.0504275616388874	0.025446135237496392	-0.0	-0.0	-0.0	-0.0	-0.0	-0.0	-0.0	0.002304943844357865	-0.0	-0.0	-0.0	0.01903550632564155	-0.0	0.011481401087216625	-0.0	-0.0	0.004572386588439059	-0.0	-0.0	-0.0	-0.0	-0.0	0.0007624682649165493	0.00857838792422072	-0.0	-0.0	-0.0	0.03705254156139226	0.10729368263439198	0.07610882981394962	0.038574775506200254	0.012579075321458077	-0.0	-0.0	0.04460173399298739	0.1378501505736489	0.11178306789713854	-0.0	0.032778294031517774	-0.0	-0.0	-0.0	-0.0	0.005606604942476778	-0.0	0.033743925422454524	-0.0	0.019856702965848072	-0.0	0.002652639903351073	-0.0	-0.0	-0.0	-0.0	-0.0	0.011452672781205209	-0.0	-0.0	-0.0	-0.0	-0.0	-0.0	-0.0	-0.0	-0.0	-0.0	-0.0	-0.0	-0.0	-0.0	-0.0	-0.0	0.04990492190097662	-0.0	-0.0	-0.0	0.011690574957377464	0.04154894380480023	0.025228468631276257	0.04471800583411145	0.03981737022041543	-0.0	-0.0	0.03242574102933027	0.054812688958127964	0.09578576128633642	0.028393174429055534	0.02233904963955169	0.016630089427993155	0.049936582780244265	0.012003427412059509	-0.0	0.0279124206311252	-0.0	-0.0	-0.0	-0.0	0.02041783784683382	-0.0	-0.0	0.006668040839002742	-0.0	0.000575625829142723	-0.0	-0.0	-0.0	-0.0	-0.0	-0.0	0.009052659784030581	-0.0	0.012782549815039346	-0.0	0.0326637663724334	-0.0	-0.0	-0.0	0.011777826936473446	-0.0	-0.0	-0.0	-0.0	-0.0	-0.0	-0.0	0.04250683874933259	0.03891077875976379	0.0032411674976504656	-0.0	-0.0	0.034506466701706984	-0.0	0.057586274583970365	0.08610189962987924	0.08884422181930862	0.04598863232459216	-0.0	-0.0	0.00851420331168562	0.023038045758394077	0.02207661482510659	-0.0	0.02358560785031294	-0.0	-0.0	-0.0	0.0003248311022030492	-0.0	-0.0	0.0020287305980932757	-0.0	0.00475348007878118	0.00224091496644796	0.027366813236222143	0.0003672693548111283	0.03921567983671714	0.01395779522483842	-0.0	-0.0	-0.0	-0.0	-0.0	0.0001721802870289224	-0.0	-0.0	-0.0	-0.0	-0.0	-0.0	-0.0	-0.0	-0.0	-0.0	-0.0	0.11046052134686413	0.09771766739848342	0.10869518759960073	0.05642092161017764	0.0312923790248103	0.04119482398221308	0.029578728752309047	0.14958044613054788	0.25273808257486685	0.09489208794014559	0.09591398247479965	0.06058164588615078	0.0676663095641743	0.035681210541364194	0.05993119408608294	0.0704964194321871	0.06677053230687235	-0.0	0.027423988694325274	0.03250713456914056	0.004021962010355651	-0.0	-0.0	-0.0	-0.0	-0.0	-0.0	-0.0	-0.0	-0.0	-0.0	-0.0	-0.0	-0.0	-0.0	0.01296245735857049	-0.0	-0.0	-0.0	-0.0	0.000895134327707936	-0.0	0.013727522736967757	-0.0	-0.0	-0.0	-0.0	-0.0	-0.0	0.011416855683387794	0.07705887780710796	0.04318101197803159	0.00860713820825687	-0.0	-0.0	0.005145660120922102	0.027944133546920824	0.05057964456960207	0.05216380144811694	-0.0	-0.0	-0.0	-0.0	-0.0	0.011237481035262675	-0.0	0.07020947154415058	-0.0	-0.0	-0.0	-0.0	-0.0	-0.0	-0.0	-0.0	-0.0	-0.0	-0.0	-0.0	-0.0	-0.0	-0.0	-0.0	-0.0	-0.0	-0.0	0.008015710008358212	-0.0	-0.0	0.04682551401156054	-0.0	-0.0	-0.0	-0.0	-0.0	-0.0	-0.0	-0.0
0.2703949263216501	0.3759822275402467	0.4613306334977212	0.3840362303646421	0.2689780480458559	0.21591191957672784	0.1367627897273893	0.45744554825217865	0.8174372621851802	0.0	0.7219678116551735	0.4157158596114314	0.25546492833327417	0.2093777962072556	0.16573823711241253	0.18401222098647452	0.2776523425092172	0.17323885278298867	0.0693476293775479	0.06410188146700158	0.007628757427269761	-0.0	-0.0	-0.0	-0.0	0.013512914891084193	-0.0	-0.0	0.016186785872070786	-0.0	-0.0	-0.0	-0.0	-0.0	-0.0	-0.0	-0.0	0.010569796580334412	-0.0	0.03796304071736856	-0.0	-0.0	-0.0	0.018878283271050122	0.011711491597022672	-0.0	-0.0	-0.0	-0.0	-0.0	0.021781849687616983	0.09528431362362166	0.05231295836948746	-0.0	-0.0	-0.0	-0.0	0.012326196811550005	0.07990539789477769	0.025091194077999646	0.01872727636988003	-0.0	-0.0	-0.0	-0.0	-0.0	-0.0	-0.0	0.010177398712553298	-0.0	-0.0	-0.0	-0.0	-0.0	-0.0	-0.0	-0.0	-0.0	0.007120395234492705	-0.0	-0.0	-0.0	-0.0	-0.0	0.02123102828900514	-0.0	-0.0	-0.0	-0.0	-0.0	-0.0	-0.0	-0.0	-0.0	-0.0	-0.0	-0.0	-0.0	0.02246310155829967	-0.0	0.03681759335993817	0.038225381593639085	0.012715475332967685	0.04346301924072016	0.010789825485053584	0.040141845078583316	0.049141450415190135	0.09946250919576638	0.02509503146518277	0.0232919491137924	0.042797622835719196	0.02345623124293361	0.010944898000470715	-0.0	0.042248089023537716	0.003756633954772326	-0.0	-0.0	-0.0	0.016782711707268305	0.03873855671486304	-0.0	-0.0	-0.0	-0.0	-0.0	-0.0	-0.0	-0.0	-0.0	0.02375095951714279	-0.0	-0.0	0.028986124964431426	-0.0	-0.0	0.007397020781962027	0.03962224684268989	-0.0	-0.0	0.00098805839538052	-0.0	-0.0	0.0025245521307297736	0.000856742278939393	-0.0	0.008629043669801106	-0.0	0.010240866787158964	0.045214418540263424	0.06069917937760749	0.022789266386180174	0.004837513473827215	-0.0	0.03368474329746185	0.050548504054292565	0.09976609902597744	0.027940217235203235	0.0018167128707879954	0.008003865120345566	-0.0	0.026568032022847632	-0.0	0.005651257769258677	0.02863665302923657	0.022384557886805823	-0.0	-0.0	-0.0	-0.0	-0.0	-0.0	-0.0	-0.0	-0.0	-0.0	-0.0	0.0012246446157906377	-0.0	-0.0	0.009901051275171824	-0.0	-0.0	-0.0	-0.0	-0.0	-0.0	-0.0	-0.0	0.004916490841772259	-0.0	-0.0	-0.0	-0.0	-0.0	-0.0	0.0426751287777396	0.06945882676636828	0.07110101960672122	0.03466859858998994	0.009784050568285352	0.062302126620995324	-0.0	0.07898833166936914	0.16103993234980862	0.23204581818197667	0.14357790865146924	0.05191969365749394	0.03204802571217158	0.027068890084311903	0.013069149913061295	0.021787670159749695	-0.0	0.04559140045800092	0.0055499412784971724	0.03436739855007076	-0.0	-0.0	-0.0	-0.0	0.004927826319248041	-0.0	-0.0	-0.0	-0.0	-0.0	-0.0	-0.0	-0.0	-0.0	-0.0	-0.0	-0.0	-0.0	0.01081459397149409	-0.0	-0.0	-0.0	-0.0	-0.0	-0.0	-0.0	0.003541559223851465	-0.0	-0.0	-0.0	0.010762473712510712	0.060178957770689934	0.005694954089470627	0.012041235881646628	-0.0	-0.0	0.007535698097893118	0.01660001900557262	0.08871854936573254	0.02411746138994353	0.00415556631911862	-0.0	-0.0	-0.0	0.015905756350216294	-0.0	-0.0	-0.0	-0.0	0.001462491556779355	-0.0	-0.0	-0.0	-0.0	-0.0	-0.0	-0.0	0.020124216435208453	-0.0	-0.0	-0.0	-0.0	0.005567348215011592	0.010881741837563297	-0.0	-0.0	-0.0	-0.0	-0.0	-0.0	0.0009144528989555312	-0.0	0.015404274362920134	-0.0	-0.0	0.0012353313686688239	-0.0	-0.0
0.1674458053209138	0.2538528318092661	0.3210419430491225	0.41458591118414034	0.3343106485406002	0.27939129865528844	0.16604784770431547	0.2510991593870262	0.3895530881738276	0.7219678116551735	0.0	0.804539861902799	0.3868162377963795	0.20496364730244654	0.06548823593244535	0.11560282683011103	0.18064441773110396	0.21443579584223027	0.1547763286069852	0.022573263244966668	0.04935002037751168	-0.0	-0.0	0.033115607106870115	-0.0	-0.0	-0.0	-0.0	-0.0	-0.0	-0.0	-0.0	-0.0	-0.0	-0.0	-0.0	-0.0	-0.0	-0.0	-0.0	0.02867645356975146	-0.0	0.00543803237996876	-0.0	-0.0	-0.0	-0.0	-0.0	-0.0	-0.0	-0.0	0.043883947729852935	0.0881710027346978	0.08496651427874191	0.029357944036160433	0.005384419003490848	-0.0	-0.0	0.013587253022565804	0.10593488844313725	0.05837685938202952	0.012965904471521128	-0.0	0.022072538654292373	-0.0	0.005075524553827648	-0.0	-0.0	-0.0	-0.0	-0.0	-0.0	-0.0	-0.0	-0.0	0.008377192010170731	-0.0	-0.0	-0.0	0.04044577690741846	0.005755666527671011	-0.0	-0.0	-0.0	0.01471623533843669	0.007364089412778441	-0.0	-0.0	-0.0	-0.0	-0.0	-0.0	-0.0	-0.0	-0.0	-0.0	-0.0	-0.0	-0.0	0.011593058338601026	0.05662275663055105	0.005571245764114607	0.01410057402961229	0.027425895066585326	-0.0	0.04080770672652889	0.017439572853056973	0.07437024525911884	0.07327475696979491	0.0708615618875692	0.04292286335592799	-0.0	-0.0	-0.0	0.013084049779468643	0.007400012061758332	-0.0	-0.0	-0.0	-0.0	0.01294665615572832	0.028046506994112264	-0.0	-0.0	-0.0	-0.0	-0.0	-0.0	-0.0	0.009477625084539198	-0.0	0.005288203233167366	0.017059146744077935	-0.0	-0.0	-0.0	-0.0	-0.0	0.008681538539375921	-0.0	-0.0	-0.0	-0.0	-0.0	-0.0	-0.0	-0.0	0.0033724504619065954	-0.0	-0.0	0.038364105225392464	0.006212231649501021	-0.0	-0.0	0.009709110235730734	0.03467702915407678	0.07587575583868666	0.04924873038642019	0.050257634803122286	0.0007110517230621838	0.04240624771242629	-0.0	-0.0	-0.0	0.02475284014008139	0.017439734268894114	-0.0	-0.0	0.0017973757960856318	-0.0	-0.0	-0.0	-0.0	-0.0	-0.0	-0.0	0.014244405173027275	0.01583886431553516	-0.0	0.02022348300163479	-0.0	-0.0	-0.0	-0.0	-0.0	-0.0	-0.0	-0.0	-0.0	0.015329458855923406	-0.0	-0.0	-0.0	-0.0	0.019678079486508793	-0.0	0.07929736440791402	0.0671943098271246	0.15246797366432485	0.07225916153751566	0.08205976144015903	0.09037766736597863	0.08960949298930299	0.07106379950196651	0.0897481481837632	0.1435018918964719	0.20695005345100537	0.10943871974808417	0.06823661794556557	0.05186841457818936	-0.0	0.028425343189189434	-0.0	0.04926049131422339	-0.0	-0.0	-0.0	0.008570819348699743	-0.0	-0.0	-0.0	-0.0	-0.0	-0.0	-0.0	-0.0	-0.0	-0.0	-0.0	-0.0	0.00390073552474135	0.020098889010771614	0.019674982017637177	-0.0	-0.0	-0.0	-0.0	-0.0	-0.0	-0.0	0.0024909962380821327	0.021493243454699495	-0.0	-0.0	-0.0	-0.0	-0.0	-0.0	0.021341051380304066	0.04684480447927797	-0.0	-0.0	-0.0	0.009109032508709092	0.005467304280353247	0.08043853722477134	0.0024566759050674847	-0.0	-0.0	0.005135740414605294	-0.0	-0.0	0.0082879548726158	-0.0	-0.0	-0.0	-0.0	-0.0	-0.0	0.008092145194734002	-0.0	-0.0	-0.0	-0.0	-0.0	-0.0	0.004039257096131621	0.0068032909713835465	-0.0	-0.0	-0.0	-0.0	-0.0	-0.0	-0.0	-0.0	-0.0	-0.0	-0.0	-0.0	-0.0	0.001931403975520496	-0.0	0.002092508457453235
0.11446468050127567	0.1649441913667129	0.22348673517667716	0.4151672868253442	0.4127676622227048	0.3346785125342011	0.2798194693501914	0.14141697619239046	0.28618314520795085	0.4157158596114314	0.804539861902799	0.0	0.7305704803129789	0.4127635788518509	0.029417367862285104	0.010031305043156635	0.08818884080216272	0.19083985961801542	0.221410225787686	0.21421247925905185	0.10994150545923986	-0.0	-0.0	-0.0	-0.0	0.019742691585623362	-0.0	-0.0	0.03896062395740607	0.010445167787324294	-0.0	-0.0	-0.0	-0.0	-0.0	-0.0	-0.0	-0.0	-0.0	-0.0	0.006919364159019281	-0.0	-0.0	-0.0	-0.0	-0.0	0.021420117343208034	-0.0	-0.0	-0.0	0.03936704385635359	0.010245202772757978	0.06704688907034928	0.06229142990183334	0.01142814171735651	0.018439360275714023	-0.0	-0.0	0.013891330052748785	-0.0	0.10684380853851216	-0.0	-0.0	-0.0	-0.0	-0.0	-0.0	-0.0	-0.0	-0.0	-0.0	-0.0	-0.0	0.005098336288570593	-0.0	-0.0	-0.0	-0.0	-0.0	-0.0	-0.0	-0.0	-0.0	-0.0	-0.0	-0.0	-0.0	0.019047114903271378	-0.0	-0.0	-0.0	0.01930143440712584	0.00043523747648066546	-0.0	0.006961234116005244	-0.0	-0.0	-0.0	0.03734124450251208	-0.0	0.004171899877592367	0.013975319006185316	0.06106333964903499	0.01911297587795424	0.040791273565311315	-0.0	0.022191879083189647	-0.0	0.049706172939481874	0.11204055612007835	0.05936598547346783	0.027268852660609966	-0.0	-0.0	-0.0	-0.0	0.016925500463189636	0.03366283346613663	-0.0	-0.0	-0.0	-0.0	-0.0	-0.0	-0.0	-0.0	-0.0	-0.0	0.01902173029236387	-0.0	0.0021183568067613123	-0.0	-0.0	-0.0	-0.0	-0.0	-0.0	0.0025855700317922725	6.770789077847894e-6	0.002191666002005377	0.005793068757625974	-0.0	0.01257773877652113	-0.0	-0.0	0.044348584090599275	-0.0	0.007437516538796984	0.026294480695085554	0.06247697517613915	0.030686861082019234	0.08517831341600868	0.07212162423847257	-0.0	-0.0	-0.0	0.006224047499761909	0.042462917287616975	0.08042298201037745	0.02995488045685768	-0.0	0.010486333951391202	-0.0	0.023649571041143957	0.005145879864663527	0.014866557296162597	0.02329753350281827	-0.0	-0.0	0.009095281407397238	0.04215906196830055	0.012355680178620432	0.0028345146949000366	-0.0	-0.0	-0.0	-0.0	-0.0	-0.0	-0.0	-0.0	-0.0	0.04941379563233461	-0.0	0.03107296137232929	0.002504343323925795	0.008685874665593118	-0.0	-0.0	-0.0	-0.0	-0.0	0.04575109189490334	-0.0	-0.0	-0.0	0.016414013796099525	0.10901546232934578	0.029231963628824076	0.07517370388096634	0.08256281512993713	0.09891610334870915	0.11430011740959056	0.03260094717971107	0.09614398855075201	0.06288304085112806	0.1437772164170008	0.20230922289487996	0.11241136452064016	0.09400860404581923	0.034250091964921126	-0.0	0.011341818257669445	0.011153051529856128	0.02660147898653875	0.023328331175617834	-0.0	-0.0	-0.0	-0.0	-0.0	-0.0	-0.0	-0.0	0.0031572530526027265	-0.0	-0.0	-0.0	-0.0	-0.0	-0.0	0.011002026679927113	-0.0	-0.0	-0.0	-0.0	-0.0	-0.0	-0.0	-0.0	0.019546999076567317	-0.0	-0.0	-0.0	-0.0	0.016659572942387513	-0.0	0.00808891585948146	0.02185118402938535	-0.0	0.0266668203632765	-0.0	-0.0	0.003555734152520529	-0.0	0.04900383949363807	0.06094332906891253	0.033779179596026054	-0.0	-0.0	-0.0	-0.0	-0.0	-0.0	-0.0	0.023647365381451735	-0.0	-0.0	-0.0	0.0005317764869978703	-0.0	-0.0	-0.0	-0.0	-0.0	-0.0	-0.0	-0.0	-0.0	-0.0	-0.0	-0.0	-0.0	-0.0	-0.0	-0.0	-0.0	0.005525218183283442	-0.0	-0.0	-0.0	-0.0	-0.0	-0.0
